_C_2b5420_561e43df_1 84 0 20 0 0 a0 
_C_2b5181_561e42c2_2 84 0 20 0 0 40 
_C_2b5bb9_561e4618_1 84 0 20 0 0 108 
_C_2b5345_561e4398_2 84 0 20 0 0 88 
_C_2b5181_561e42c2_1 84 0 20 0 0 110 
_C_2b4f36_561e404e_1 84 0 7 0 0 70 
_C_2b5053_561e41cd_2 84 0 20 0 0 50 
_C_2b5345_561e4398_1 84 0 20 0 0 118 
_C_2b5bb9_561e4618_2 84 0 20 0 0 98 
_C_374f6c_5627776f_1 8c 0 b8 0 0 783d2564 0 2c207069 0 6c3d2564 0 2c20636f 0 773d2564 0 20726f 
_C_3752cf_56277928_1 8c 0 58 0 0 2025640a 0 77206973 0 44726f 
_C_2b5420_561e43df_2 84 0 20 0 0 38 
_C_2b4f36_561e404e_2 8c 0 b0 0 0 723d2568 0 2c616464 0 6c3d2564 0 642c636f 0 6f773d25 0 2072 
_C_2b5053_561e41cd_1 84 0 20 0 0 8 
