ccee 1111 33ee cc00 1133 6644 4433 1100
1111 ffff 1111 0000 0000 7777 2200 0000
1199 dddd ff77 3300 3377 5544 4466 2200
66ff 9999 9933 2200 4466 7755 4444 0000
44ff ff44 44cc cc00 0077 7766 3311 0000
eeff 1111 1133 2200 0055 5555 5577 7700
66ff 9999 99ff ee00 0044 4444 6633 1100
0000 88ff 7700 0000 6677 5544 4466 6600
6677 dddd 9999 6600 0033 4444 5577 3300
ccee bb99 9999 0000 3377 4444 4477 3300
ffff 4444 44ff ff00 1133 6644 6633 1100
66ff 9999 99ff ff00 3377 4444 4477 7700
2233 1111 33ee cc00 2266 4444 6633 1100
ccee 3311 11ff ff00 1133 6644 4477 7700
1199 9999 ffff 0000 4444 4444 7777 0000
0088 8888 88ff ff00 4444 4444 4477 7700
0000 0008 0800 0000 0000 0001 0100 0000
0000 0008 0800 0000 0000 0001 0100 0000
0000 080c 0c08 0000 0000 0103 0301 0000
0000 080c 0c08 0000 0000 0103 0301 0000
0c0e 0f0f 0f0f 0e0c 0307 0f0f 0f0f 0703
0c0e 0f0f 0f0f 0e0c 0307 0f0f 0f0f 0703
0000 0000 0000 0000 0000 0000 0000 0000
0000 0000 0000 0000 0000 0000 0000 0000
0000 0000 0000 0000 0000 0000 0000 0000
0000 0000 0000 0000 0000 0000 0000 0000
0000 0000 0000 0000 0000 0000 0000 0000
0000 0000 0000 0000 0000 0000 0000 0000
0000 0000 0000 0000 0000 0000 0000 0000
0000 0000 0000 0000 0000 0000 0000 0000
0000 0000 0000 0000 0000 0000 0000 0000
0000 0000 0000 0000 0000 0000 0000 0000
0000 0077 ffff ffee 0000 0000 0011 3333
eecc cc88 8800 0000 3333 3311 0000 0000
0000 0000 0000 8888 0000 00cc eeff ffff
8888 8800 0000 0000 ff77 7733 2200 0000
0000 0000 0000 0000 0000 0000 0000 0000
0000 0000 0066 6600 0000 0000 0000 0000
0000 0000 0000 0000 00ee dd00 eedd 0000
0000 0000 0000 0000 00ee dd00 eedd 0000
ffff 0000 0000 ffff 77ff cccc cccc ffff
bbbb bbbb ffff 0000 dddd dddd dd11 0000
0000 ffff 0000 ffff cccc ffff 0000 77ff
0000 ffff 0000 ffff 0000 77ff cccc ffff
3333 3333 3333 ffee cccc cccc cccc ff77
3333 3333 ffee 0000 cccc cccc ff77 0000
0000 0000 0000 eeff 0000 0000 0000 77ff
0000 0000 0000 0000 0000 0000 0000 0000
88cc 2222 66cc 8800 3377 cc88 8877 3300
2222 eeee 2222 0000 0000 ffff 4400 0000
2222 aaaa eeee 6600 66ff bb99 99cc 4400
ccee 2222 2266 4400 88dd ffbb 9988 0000
88ee ee88 8888 8800 00ff ffcc 6633 1100
ccee 2222 2266 4400 11bb aaaa aaee ee00
ccee 2222 22ee cc00 0099 9999 dd77 3300
0000 00ee ee00 0000 ccee bb99 88cc cc00
ccee aaaa 2222 cc00 0066 9999 bbff 6600
88cc 6622 2222 0000 77ff 9999 99ff 6600
0000 0000 8844 2200 8844 2211 0000 0000
0000 0000 0000 0000 0000 1111 1100 0000
ff00 0000 0000 0000 ff88 8888 8888 8888
ff11 1111 1111 1111 ff00 0000 0000 0000
0000 0000 0000 00ff 8888 8888 8888 88ff
1111 1111 1111 11ff 0000 0000 0000 00ff
0000 0000 0000 0000 0000 0000 0000 0000
eeee 8888 88ee ee00 3377 cc88 cc77 3300
ccee 2222 22ee ee00 66ff 9999 99ff ff00
4466 2222 66cc 8800 44cc 8888 cc77 3300
88cc 6622 22ee ee00 3377 cc88 88ff ff00
2222 2222 eeee 0000 8899 9999 ffff 0000
0000 0000 00ee ee00 8899 9999 99ff ff00
eeee 2222 66cc 8800 9999 9988 cc77 3300
eeee 0000 00ee ee00 ffff 1111 11ff ff00
2222 eeee 2222 0000 8888 ffff 8888 0000
ccee 2222 2266 4400 ffff 0000 0000 0000
2266 eecc 88ee ee00 88cc 6633 11ff ff00
2222 2222 eeee 0000 0000 0000 ffff 0000
eeee 0088 00ee ee00 ffff 7733 77ff ff00
eeee cc88 00ee ee00 ffff 1133 77ff ff00
ccee 2222 22ee cc00 77ff 8888 88ff 7700
0088 8888 88ee ee00 77ff 8888 88ff ff00
aacc eeaa 22ee cc00 77ff 8888 88ff 7700
2266 eecc 88ee ee00 77ff 9988 88ff ff00
ccee 2222 2266 4400 0055 dd99 99ff 6600
0000 eeee 0000 0000 8888 ffff 8888 0000
ccee 2222 22ee cc00 ffff 0000 00ff ff00
0088 ccee cc88 0000 ffff 1100 11ff ff00
eeee cc88 ccee ee00 ffff 1133 11ff ff00
66ee cc88 ccee 6600 ccee 7733 77ee cc00
0000 eeee 0000 0000 eeff 1111 ffee 0000
2222 22aa eeee 6600 ccee ffbb 9988 8800
0000 0000 8822 0000 00cc eeff 3300 0000
cc22 1155 5599 22cc 3344 88aa aa99 4433
0000 0000 8888 88ee 2222 0011 2222 2233
aaaa aa22 0000 00ee 2222 2211 0022 2233
0000 0000 0000 0044 0000 0000 0000 0022
0100 0000 0000 0000 0000 0000 0000 0000
0000 0000 0000 0000 0e00 0000 0000 0000
3377 ffff ffff ff00 0000 0033 3333 3300
0000 0000 0000 0000 eeee eeee eeee ee00
3333 7777 ffff ffff 0000 0000 0011 3333
0000 0000 0000 0000 eeee eeee eeee eeee
ffff ff00 0000 0000 3333 3300 0000 0000
0000 0000 0000 0000 eeee ee00 0000 0000
3333 3333 3377 77ff 0000 0000 0000 0000
0000 0000 0000 0000 eeee eeee eeee eeee
ffff ffff ff00 0000 1133 3333 3300 0000
0000 0000 0000 0000 eeee eeee ee00 0000
3311 0000 0000 0000 0000 0000 0000 0000
0000 0000 0000 0000 ceee eeee 6622 2200
0000 0000 0000 0000 0000 0000 0000 0000
0000 0000 0000 0000 0000 0000 0000 0000
0000 0000 0000 0000 0000 0000 0000 0000
0000 0000 0000 0000 0000 0000 0000 0000
0000 0000 0000 0000 0000 0000 0000 0000
0000 0000 0000 0000 0000 0000 0000 0000
0000 0000 0000 0000 0000 0000 0000 0000
0000 0000 0000 0000 0000 0000 0000 0000
0000 0000 0000 0000 0000 0000 0000 0000
0000 0000 0000 0000 0000 0000 0000 0000
0000 0000 0000 0000 0000 0000 0000 0000
0000 0000 0000 0000 0000 0000 0000 0000
0000 0000 0000 0000 0000 0000 0000 0000
0000 0000 0000 0000 0000 0000 0000 0000
0000 0000 0000 0000 0000 0000 0000 0000
0000 0000 0000 0000 0000 0000 0000 0000
0000 0000 0000 0000 0000 0000 0000 0000
0000 0000 0000 0000 0000 0000 0000 0000
0000 0000 0000 0000 0000 0000 0000 0000
22cc 0022 ee22 0000 8877 0000 ff44 0000
22cc 00cc 2222 2244 8877 0088 ddaa 8888
22cc 00cc 2222 2244 8877 0099 aaaa aaee
22cc 0000 00ee 0000 8877 00cc bb88 88cc
00cc 2222 cc00 cc22 0077 8888 7700 7788
cc22 22cc 0022 ee22 7788 8877 0000 ff44
6622 0000 0000 0000 8866 0000 0000 0000
cc22 22cc 0022 22aa 7788 8877 0066 9988
2244 0000 0000 0000 8888 0000 0000 0000
cc22 22cc 00cc 2222 7788 8877 0088 ddaa
2244 0000 0000 0000 aaee 0000 0000 0000
cc22 22cc 00cc 2222 7788 8877 0099 aaaa
22cc 00cc 2222 cc00 8877 0077 8888 7700
0000 0000 0000 cc22 0000 0000 0000 7788
0000 0000 0000 0000 0000 0000 0000 0000
0000 0000 c020 9080 0000 3030 1010 0000
4121 1203 0301 0000 0000 0000 0000 0000
0000 0008 0c0c 8c0c 0000 0007 0f0f c31f
0800 0000 0000 0000 0708 0f2f 4f0e 0000
0000 0007 4f0f a787 0000 0000 0010 1010
d387 970f 2f07 0000 3310 1010 0000 0000
0000 0000 0000 0808 0000 0008 0e8e 1f0f
0c08 0800 0000 0000 4f1f 0f4f 0e08 0000
0000 0103 8787 8747 0000 0010 1030 3010
ef47 0707 0301 0000 1100 0000 0000 0000
0000 0008 080c 0c0c 0000 0e0f 0f0f 0f0f
0c0c 0c08 0800 0000 0f0f 0f0f 0f0e 0000
0000 0001 0f0f 0f0f 0000 0000 0001 0102
0f0b 0c0f 0100 0000 0201 0100 0000 0000
0000 0c68 6868 6e6e 0000 030f 0f0f 0f0f
6868 6868 680c 0000 0f0f 070c 0f03 0000
0000 070f 0f0f 0f0f 0000 0000 0101 0120
870f 0f0f 0f0f 0000 1000 0101 0100 0000
0000 0000 080c 0c0c 0000 0c0f cf2f 0f0f
080c 0c08 0000 0000 0f0f 0f0f 0f0c 0000
0000 0030 5261 f1bc 0000 0000 0002 0203
d263 5230 0000 0000 0202 0400 0000 0000
0000 0080 4884 c2e0 0000 e0b4 7ce1 5ba5
6884 c080 0000 0000 f5e1 5abe e000 0000
0000 000f 3331 71f3 0000 0000 0000 0000
f0f3 7131 330f 0000 1000 0000 0000 0000
0000 0000 0000 0000 0000 0008 0c8e cf88
cc00 0000 0000 0000 ff88 cf8e 0c08 0000
0000 0000 00e0 e0f1 0000 0000 0010 1020
e0f1 e0e0 0000 0000 2020 1010 0000 0000
0000 0000 0000 88cc 0000 0000 0000 88dd
22cc 0000 0000 0000 00ff 0000 0000 0000
ffef 6777 3311 0000 0000 0000 0000 0000
0000 1123 6777 ffff 0000 0000 0000 0000
ffff ffff ffff ff00 7969 0f1f ffff 3300
00ff ffff ffff ffff 0033 7969 0f1f ffff
0000 0000 0000 0000 00cc cc88 0088 cc00
0000 0000 0000 0000 00cc 8800 88cc cc00
0000 0000 0000 0000 0000 0000 0000 0000
0000 0000 0000 0000 0000 0000 0000 0000
0000 0000 0000 0000 0000 0000 0000 0000
0000 0000 0000 0000 0000 0000 0000 0000
0000 0000 0000 0000 0000 0000 0000 0000
0000 0000 0000 0000 0000 0000 0000 0000
0000 0000 0000 0000 0000 0000 0000 0000
0000 0000 0000 0000 0000 0000 0000 0000
0000 0000 0000 0000 0000 0000 0000 0000
0000 0000 0000 0000 0000 0000 0000 0000
0000 0000 0000 0000 0000 0000 0000 0000
0000 0000 0000 0000 0000 0000 0000 0000
0000 0000 0000 0000 0000 0000 0000 0000
0000 0000 0000 0000 0000 0000 0000 0000
0000 0000 0000 0000 0000 0000 0000 0000
0000 0000 0000 0000 0000 0000 0000 0000
0000 0000 0000 0000 0000 0000 0000 0000
0000 0000 0000 0000 0000 0000 0000 0000
0000 0000 0000 0000 0000 0000 0000 0000
0000 0000 0000 0000 0000 0000 0000 0000
0000 0000 0000 0000 0000 0000 0000 0000
0000 0000 0000 0000 0000 0000 0000 0000
0000 0000 0000 0000 0000 0000 0000 0000
0000 0000 0000 0000 0000 0000 0000 0000
6060 6060 6060 6060 0000 0000 0000 0000
6060 6060 6060 6060 0000 0000 0000 0000
fff0 f0f7 8800 0000 0033 7474 f8f9 f9f9
0000 0088 f7f0 f0ff f9f9 f9f8 7474 3300
fff0 f0ff 0000 0000 fff0 f0ff 0000 0000
0000 0000 fff0 f0ff 0000 0000 fff0 f0ff
00cc e2e2 f1f9 f9f9 fff0 f0fe 1100 0000
f9f9 f9f1 e2e2 cc00 0000 0011 fef0 f0ff
fff0 f0f0 f0f8 f8f8 fff0 f0fe 1100 0000
f8f8 f8f0 f0f0 f0ff 0000 0011 fef0 f0ff
fff0 f0f7 8800 0000 fff0 f0f0 f0f1 f1f1
0000 0088 f7f0 f0ff f1f1 f1f0 f0f0 f0ff
0000 0000 0000 0000 f9f9 f9f9 f9f9 f9f9
0000 0000 0000 0000 f9f9 f9f9 f9f9 f9f9
f9f9 f9f9 f9f9 f9f9 0000 0000 0000 0000
f9f9 f9f9 f9f9 f9f9 0000 0000 0000 0000
f8f8 f8f8 f8f8 f8f8 0000 0000 0000 0000
f8f8 f8f8 f8f8 f8f8 0000 0000 0000 0000
0000 0000 0000 0000 00cc e2e2 f1f1 f1f1
0000 0000 0000 0000 f1f1 f1f1 e2e2 cc00
0033 7474 f8f8 f8f8 0000 0000 0000 0000
f8f8 f8f8 7474 3300 0000 0000 0000 0000
0000 0000 0000 0000 f1f1 f1f1 f1f1 f1f1
0000 0000 0000 0000 f1f1 f1f1 f1f1 f1f1
0000 0000 3374 f8f8 0000 0000 0000 0000
f8f8 7433 0000 0000 0000 0000 0000 0000
0000 0000 fff0 f0f0 0000 0000 fff0 f0f0
f0f0 f0ff 0000 0000 f0f0 f0ff 0000 0000
0000 0000 0000 0000 0000 0000 cce2 f1f1
0000 0000 0000 0000 f1f1 e2cc 0000 0000
0000 0000 fff8 f8f9 0000 0000 0000 0000
f9f8 f8ff 0000 0000 0000 0000 0000 0000
0000 0000 0000 0000 0000 0000 fff1 f1f9
0000 0000 0000 0000 f9f1 f1ff 0000 0000
f9f9 f9f9 f9f9 f9ff 0000 0000 0000 0000
fff9 f9f9 f9f9 f9f9 0000 0000 0000 0000
0000 0088 f7f0 f0f0 f1f1 f1f0 f0f0 f0f0
f0f0 f0f7 8800 0000 f0f0 f0f0 f0f1 f1f1
f8f8 f8f0 f0f0 f0f0 0000 0011 fef0 f0f0
f0f0 f0f0 f0f8 f8f8 f0f0 f0fe 1100 0000
0000 0000 3374 f8f8 0000 0000 0000 0000
f8f8 7433 0000 0000 0000 0000 0000 0000
0000 0000 0000 0000 0000 0000 cce2 f1f1
0000 0000 0000 0000 f1f1 e2cc 0000 0000
0000 0088 f7f0 f0f0 f9f9 f9f8 f8f8 f8f8
f0f0 f0f7 8800 0000 f8f8 f8f8 f8f9 f9f9
0000 0000 0000 0000 0000 0000 0000 0000
0000 0000 0000 0000 0000 0000 0000 0000
0000 0000 0000 0000 0000 0000 0000 0000
0000 0000 0000 0000 0000 0000 0000 0000

